1
2
3
5
7
8
9
10
11
12
13
14
15
16
17
18
19
20
21
22
23
24
25
26
27
28
29
30
31
32
33
34
35
36
37
38
39
40
41
42
43
44
45
46
47
49
50
52
53
54
55
59
60
75
76
77
78
79
80
82
83
84
85
86
87
88
89
90
91
92
93
94
95
96
97
98
99
100
101
103
104
105
106
107
108
109
110
111
112
113
114
115
116
132
133
134
135
136
137
138
139
140
141
142
143
144
145
146
152
153
155
156
157
158
160
161
162
163
164
165
166
167
168
169
170
172
173
181
182
186
187
193
194
200
201
207
208
209
210
232
234
236
237
238
239
240
241
243
246
247
248
251
252
253
254
255
256
257
258
259
260
261
262
263
264
267
268
269
270
271
273
274
275
276
277
278
279
280
281
283
285
286
287
288
289
290
292
293
296
298
299
301
302
303
306
307
308
312
314
315
316
317
319
320
321
322
323
324
325
326
327
328
329
330
331
332
333
334
335
336
337
338
339
340
342
343
344
345
346
347
355
363
364
370
372
384
390
395
396
397
398
399
400
402
408
411
413
421
428
429
431
439
441
442
443
460
480
483
488
489
490
491
492
493
494
502
507
510
512
515
517
518
519
520
525
526
527
528
529
530
533
534
536
537
538
539
540
541
542
580
581
594
596
605
772
773
774
775
776
777
778
779
780
781
782
784
785
786
788
789
791
792
802
804
805
806
807
808
809
810
811
812
813
814
815
816
817
818
819
820
821
822
823
824
825
826
827
828
829
830
831
832
833
834
835
836
837
838
839
840
841
842
843
844
845
848
850
851
854
855
856
857
858
859
860
861
863
864
865
867
868
869
870
871
872
873
874
875
876
877
878
879
880
881
894
895
924
925
928
929
930
931
932
933
934
935
936
939
940
941
942
943
944
945
946
947
948
949
950
951
952
953
955
956
957
958
959
960
961
962
963
964
965
966
968
969
970
971
972
973
975
976
977
978
1091
1092
1169
1171
1172
1225
1258
1265
1274
1279
1402
1403
1441
1442
1443
1484
1487
1488
1654
1664
1680
1795
1922
2373
2412
2451
2477
2507
2830
4279
4504
4808
5073
6284
20517
20518
20543
20550
20551
20552
20553
20559
20680
20741
20742
20874
20878
20892
20897
20904
20964
20965
20966
20967
20968
20993
21045
26715
26722
26723
26729
26730
26761
32337
